name: web
channels:
  - conda-forge
  - defaults
dependencies:
  - asgiref=3.8.1=pyhd8ed1ab_0
  - bzip2=1.0.8=h2bbff1b_6
  - ca-certificates=2024.6.2=h56e8100_0
  - django=5.0.6=pyhd8ed1ab_0
  - djangorestframework=3.15.1=pyhd8ed1ab_0
  - expat=2.6.2=hd77b12b_0
  - libffi=3.4.4=hd77b12b_1
  - openssl=3.3.1=h2466b09_0
  - pip=24.0=py312haa95532_0
  - python=3.12.3=h1d929f7_1
  - setuptools=69.5.1=py312haa95532_0
  - sqlite=3.45.3=h2bbff1b_0
  - sqlparse=0.5.0=pyhd8ed1ab_0
  - tk=8.6.14=h0416ee5_0
  - typing_extensions=4.12.2=pyha770c72_0
  - tzdata=2024a=h04d1e81_0
  - ucrt=10.0.22621.0=h57928b3_0
  - vc=14.2=h2eaa2aa_1
  - vc14_runtime=14.40.33810=ha82c5b3_20
  - vs2015_runtime=14.40.33810=h3bf8584_20
  - wheel=0.43.0=py312haa95532_0
  - xz=5.4.6=h8cc25b3_1
  - zlib=1.2.13=h8cc25b3_1
  - pip:
      - mysqlclient==2.2.4
prefix: C:\Users\asusryzen7\.conda\envs\web
